0.1 1.78349e-08
0.1 2.13078e-05
0.2 1.78228e-08
0.2 1.59423e-05
0.3 1.03459e-08
0.3 7.1559e-06
0.4 1.60346e-08
0.4 5.04364e-06
0.5 2.0482e-08
0.5 3.57131e-06
0.6 1.31883e-08
0.6 2.46256e-06
0.7 1.44521e-08
0.7 1.44287e-06
0.8 1.32187e-08
0.8 1.08467e-06
0.9 1.7522e-08
0.9 1.4974e-06
1 2.1693e-08
1 1.36168e-06
1.1 2.6583e-08
1.1 1.28237e-06
1.2 3.06172e-08
1.2 1.0976e-06
1.3 9.17048e-07
1.3 3.4324e-08
1.4 2.24244e-08
1.4 6.90968e-07
1.5 2.1643e-08
1.5 5.71889e-07
1.6 2.24451e-08
1.6 5.32886e-07
1.7 2.11009e-08
1.7 4.77787e-07
1.8 2.27398e-08
1.8 4.46852e-07
1.9 2.31746e-08
1.9 4.34458e-07
2 2.49389e-08
2 3.56405e-07
2.1 2.4641e-08
2.1 2.45842e-08
2.2 2.36057e-08
2.2 2.36602e-08
2.3 2.67743e-08
2.3 3.00247e-07
2.4 2.7061e-08
2.4 2.76599e-07
2.5 2.51678e-07
2.5 2.81953e-08
2.6 2.90028e-08
2.6 2.36858e-07
2.7 3.0003e-08
2.7 2.25587e-07
2.8 3.08832e-08
2.8 2.20037e-07
2.9 2.03037e-07
2.9 3.15482e-08
3 3.32542e-08
3 1.87628e-07
3.1 3.30389e-08
3.1 1.82497e-07
3.2 3.35416e-08
3.2 1.70043e-07
3.3 3.39575e-08
3.3 1.6184e-07
3.4 3.51353e-08
3.4 1.52923e-07
3.5 3.60165e-08
3.5 1.44994e-07
3.6 1.29355e-07
3.6 3.65792e-08
3.7 3.70399e-08
3.7 1.20355e-07
3.8 1.05497e-07
3.8 3.81503e-08
3.9 4.0571e-08
3.9 9.34992e-08
4 4.11371e-08
4 8.17613e-08
4.1 6.4688e-08
4.1 4.92074e-08
