0.2 4.56169e-08
0.2 1.58614e-05
0.3 2.11587e-08
0.3 7.0932e-06
0.4 2.56589e-08
0.4 4.97327e-06
0.5 2.25979e-08
0.5 3.54036e-06
0.6 1.97484e-08
0.6 2.49578e-06
0.7 1.45083e-06
0.7 1.53751e-08
0.8 1.40513e-08
0.8 1.0741e-06
0.9 1.85478e-08
0.9 1.48211e-06
1 2.28787e-08
1 1.34768e-06
1.1 2.81602e-08
1.1 1.26981e-06
1.2 1.0834e-06
1.2 3.25159e-08
1.3 3.63741e-08
1.3 9.02319e-07
1.4 4.11087e-08
1.4 7.48387e-07
1.5 4.43198e-08
1.5 5.99509e-07
1.6 5.17969e-07
1.6 5.01843e-08
1.7 5.66414e-08
1.7 4.39797e-07
1.8 6.51436e-08
1.8 4.01114e-07
1.9 7.66814e-08
1.9 3.59933e-07
2 3.03969e-07
2 8.86033e-08
2.1 1.13729e-07
2.1 1.62811e-07
