0.002 3.87636e-07
0.002 3.86743e-07
0.005 2.38253e-07
0.005 2.37704e-07
0.01 1.69518e-07
0.01 0.000395616
0.05 7.59644e-08
0.05 6.5744e-05
0.1 5.36629e-08
0.1 3.2219e-05
0.15 4.40366e-08
0.15 2.1174e-05
0.2 3.86864e-08
0.2 1.59722e-05
0.25 3.01251e-08
0.25 9.28218e-06
0.3 7.01339e-06
0.3 2.71817e-08
0.35 2.51014e-08
0.35 6.0708e-06
0.4 2.33352e-08
0.4 4.922e-06
0.45 2.16382e-08
0.45 4.27281e-06
0.5 2.05438e-08
0.5 3.6191e-06
0.55 1.92887e-08
0.55 3.13846e-06
0.6 2.43529e-06
0.6 1.79582e-08
0.65 1.61333e-08
0.65 2.00909e-06
0.7 1.43757e-08
0.7 1.47857e-06
0.75 1.29582e-08
0.75 1.03809e-06
0.8 1.27786e-08
0.8 1.08002e-06
0.81 1.32376e-08
0.81 1.14682e-06
0.82 1.34613e-08
0.82 1.20735e-06
0.83 1.22307e-06
0.83 1.36222e-08
0.84 1.39137e-08
0.84 1.31351e-06
0.85 1.45356e-08
0.85 1.32967e-06
0.86 1.45771e-08
0.86 1.34155e-06
0.87 1.54419e-08
0.87 1.05115e-06
0.88 1.60162e-08
0.88 1.19835e-06
0.89 1.47174e-06
0.89 1.66831e-08
0.9 1.43804e-06
0.9 1.70195e-08
0.95 1.91424e-08
0.95 1.50397e-06
1 2.11155e-08
1 1.39304e-06
1.1 2.52475e-08
1.1 1.23928e-06
1.2 1.10907e-06
1.2 2.94262e-08
1.3 3.33812e-08
1.3 9.23111e-07
1.4 3.57493e-08
1.4 5.9139e-07
1.5 3.99304e-08
1.5 6.35211e-07
1.6 4.45623e-08
1.6 5.10214e-07
1.7 5.10486e-08
1.7 4.2623e-07
1.8 5.82637e-08
1.8 4.18904e-07
1.9 6.82342e-08
1.9 3.938e-07
2 7.68479e-08
2 3.24846e-07
2.1 8.84908e-08
2.1 2.77414e-07
2.2 1.1401e-07
2.2 2.19806e-07
