0.002 6.81532e-08
0.002 6.83106e-08
0.005 5.68068e-08
0.005 5.66758e-08
0.01 4.16156e-08
0.01 0.000527917
0.05 2.00566e-08
0.05 9.09285e-05
0.1 2.24045e-08
0.1 3.19755e-05
0.15 2.34928e-08
0.15 2.15648e-05
0.2 2.10111e-08
0.2 1.57925e-05
0.25 1.67041e-08
0.25 9.14762e-06
0.3 1.64699e-08
0.3 7.74819e-06
0.35 1.69059e-08
0.35 5.9518e-06
0.4 1.82839e-08
0.4 4.82279e-06
0.45 2.03601e-08
0.45 4.03852e-06
0.5 2.20758e-08
0.5 3.54555e-06
0.55 1.53547e-08
0.55 3.06755e-06
0.6 1.4934e-08
0.6 2.84679e-06
0.65 1.78472e-08
0.65 1.98155e-06
0.7 1.44903e-06
0.7 1.58584e-08
0.75 1.42586e-08
0.75 1.04819e-06
0.8 1.42968e-08
0.8 1.06354e-06
0.81 1.46834e-08
0.81 1.12481e-06
0.82 1.1836e-06
0.82 1.49274e-08
0.83 1.19937e-06
0.83 1.50487e-08
0.84 1.54008e-08
0.84 1.29626e-06
0.85 1.60674e-08
0.85 2.05817e-06
0.86 1.61475e-08
0.86 1.32043e-06
0.87 0.000176134
0.87 1.70739e-08
0.88 1.77013e-08
0.88 4.30546e-06
0.89 1.84813e-08
0.89 1.44499e-06
0.9 1.87827e-08
0.9 2.47746e-07
0.95 2.48427e-08
0.95 1.06313e-06
1 2.35015e-08
1 1.36604e-06
1.1 2.79861e-08
1.1 1.21322e-06
1.2 3.24661e-08
1.2 1.08595e-06
1.3 3.71414e-08
1.3 9.0009e-07
1.4 2.37319e-08
1.4 1.0578e-06
1.5 2.43762e-08
1.5 6.29124e-07
1.6 2.47768e-08
1.6 5.19733e-07
1.7 2.47252e-08
1.7 4.53313e-07
1.8 2.54137e-08
1.8 4.39779e-07
1.9 2.68569e-08
1.9 4.34488e-07
2 3.89154e-07
2 2.72174e-08
2.1 2.74758e-08
2.1 3.45306e-07
2.2 3.09893e-07
2.2 2.83938e-08
2.3 2.8713e-08
2.3 2.92706e-07
2.4 2.97586e-08
2.4 2.69526e-07
2.5 2.55479e-07
2.5 3.03746e-08
2.6 3.13492e-08
2.6 2.3513e-07
2.7 3.24074e-08
2.7 2.23296e-07
2.8 3.40383e-08
2.8 2.14573e-07
2.9 1.93336e-07
2.9 3.48992e-08
3 3.65559e-08
3 1.77465e-07
3.1 3.60121e-08
3.1 1.73714e-07
3.2 3.66915e-08
3.2 1.64869e-07
3.3 3.73575e-08
3.3 1.54299e-07
3.4 1.40184e-07
3.4 3.8144e-08
3.5 3.865e-08
3.5 1.35515e-07
3.6 4.08652e-08
3.6 1.22299e-07
3.7 1.08043e-07
3.7 4.17977e-08
3.8 9.59317e-08
3.8 4.34072e-08
3.9 4.56239e-08
3.9 8.32477e-08
4 5.3278e-08
4 6.40991e-08
