0.2 4.32032e-08
0.2 1.59423e-05
0.3 1.96542e-08
0.3 7.1559e-06
0.4 2.42586e-08
0.4 5.04364e-06
0.5 2.13735e-08
0.5 3.57131e-06
0.6 1.86197e-08
0.6 2.51934e-06
0.7 1.4529e-08
0.7 1.46632e-06
0.8 1.32731e-08
0.8 1.08467e-06
0.9 1.7522e-08
0.9 1.4974e-06
1 2.1693e-08
1 1.36168e-06
1.1 2.6583e-08
1.1 1.28237e-06
1.2 3.06172e-08
1.2 1.0976e-06
1.3 9.17048e-07
1.3 3.4324e-08
1.4 3.87682e-08
1.4 7.60761e-07
1.5 4.1714e-08
1.5 6.14376e-07
1.6 5.28333e-07
1.6 4.69805e-08
1.7 5.29903e-08
1.7 4.51794e-07
1.8 6.04213e-08
1.8 4.10255e-07
1.9 3.74466e-07
1.9 7.11325e-08
2 8.097e-08
2 3.21307e-07
2.1 9.8168e-08
2.1 1.70523e-07
2.2 1.33196e-07
2.2 1.53544e-07
