1.4 2.30765e-08
1.4 6.41074e-07
1.5 2.27643e-08
1.5 5.46908e-07
1.6 2.30829e-08
1.6 5.16062e-07
1.7 2.32638e-08
1.7 4.34242e-07
1.8 2.3899e-08
1.8 4.26471e-07
1.9 2.49169e-08
1.9 4.17044e-07
2 2.50598e-08
2 3.38944e-07
2.1 2.55736e-08
2.1 3.54328e-07
2.2 2.59799e-08
2.2 3.19016e-07
2.3 2.67743e-08
2.3 3.00247e-07
2.4 2.7061e-08
2.4 2.76599e-07
2.5 2.51678e-07
2.5 2.81953e-08
2.6 2.90028e-08
2.6 2.36858e-07
2.7 3.0003e-08
2.7 2.25587e-07
2.8 3.08832e-08
2.8 2.20037e-07
2.9 2.03037e-07
2.9 3.15482e-08
3 3.32542e-08
3 1.87628e-07
3.1 3.30389e-08
3.1 1.82497e-07
3.2 3.35416e-08
3.2 1.70043e-07
3.3 3.39575e-08
3.3 1.6184e-07
3.4 3.51353e-08
3.4 1.52923e-07
3.5 3.60165e-08
3.5 1.44994e-07
3.6 1.29355e-07
3.6 3.65792e-08
3.7 3.70399e-08
3.7 1.20355e-07
3.8 1.05497e-07
3.8 3.81503e-08
3.9 4.0571e-08
3.9 9.34992e-08
4 4.11371e-08
4 8.17613e-08
4.1 6.4688e-08
4.1 4.92074e-08
