0.002 6.33403e-08
0.002 6.34866e-08
0.005 5.36421e-08
0.005 5.35185e-08
0.01 0.000326448
0.01 3.88916e-08
0.05 1.88834e-08
0.05 5.25158e-05
0.1 2.11056e-08
0.1 2.38535e-05
0.15 2.21112e-08
0.15 1.62666e-05
0.2 1.98403e-08
0.2 1.0797e-05
0.25 1.58295e-08
0.25 6.52388e-06
0.3 1.57614e-08
0.3 5.26558e-06
0.35 1.66719e-08
0.35 4.4308e-06
0.4 1.82365e-08
0.4 3.22278e-06
0.45 2.93246e-06
0.45 2.27992e-08
0.5 3.56069e-08
0.5 2.10778e-06
0.55 1.55886e-08
0.55 2.144e-06
0.6 1.53392e-08
0.6 1.83898e-06
0.65 4.20351e-08
0.65 9.22971e-07
0.7 4.24659e-08
0.7 6.57116e-07
0.75 4.10374e-07
0.75 4.56749e-08
0.8 3.89843e-07
0.8 5.77596e-08
0.81 6.4154e-08
0.81 3.92811e-07
0.82 6.72274e-08
0.82 4.10692e-07
0.83 4.09609e-07
0.83 7.20473e-08
0.84 7.89354e-08
0.84 4.45189e-07
0.85 4.28302e-07
0.85 8.79436e-08
0.86 3.93849e-07
0.86 9.84056e-08
0.87 1.12441e-07
0.87 4.11237e-07
0.88 3.78021e-07
0.88 1.36256e-07
0.89 1.65933e-07
0.89 3.29265e-07
