0.1 2.13508e-05
0.1 1.70033e-08
0.2 1.70245e-08
0.2 1.60087e-05
0.3 9.80822e-09
0.3 7.20759e-06
0.4 1.53157e-08
0.4 5.06879e-06
0.5 1.95767e-08
0.5 3.59681e-06
0.6 1.26033e-08
0.6 2.48055e-06
0.7 1.45806e-06
0.7 1.38016e-08
0.8 1.26226e-08
0.8 1.09338e-06
0.9 1.67263e-08
0.9 1.51001e-06
1 2.07701e-08
1 1.37323e-06
1.1 2.53604e-08
1.1 1.29272e-06
1.2 2.91422e-08
1.2 1.10934e-06
1.3 3.27345e-08
1.3 9.29266e-07
1.4 2.13945e-08
1.4 7.00484e-07
1.5 2.05392e-08
1.5 5.77998e-07
1.6 2.13546e-08
1.6 5.37618e-07
1.7 1.99337e-08
1.7 4.88574e-07
1.8 2.1505e-08
1.8 4.54128e-07
1.9 4.42387e-07
1.9 2.19002e-08
2 2.37591e-08
2 3.63672e-07
2.1 2.32937e-08
2.1 2.33475e-08
2.2 2.21378e-08
2.2 2.21889e-08
2.3 3.05059e-07
2.3 2.5372e-08
2.4 2.56352e-08
2.4 2.84371e-07
2.5 2.67643e-08
2.5 2.57984e-07
2.6 2.42674e-07
2.6 2.74693e-08
2.7 2.83507e-08
2.7 2.30859e-07
2.8 2.9193e-08
2.8 2.24409e-07
2.9 2.97413e-08
2.9 2.07123e-07
3 1.95077e-07
3 3.14846e-08
3.1 1.8902e-07
3.1 3.10466e-08
3.2 1.75859e-07
3.2 3.1435e-08
3.3 1.67155e-07
3.3 3.18367e-08
3.4 3.30398e-08
3.4 1.56878e-07
3.5 3.35388e-08
3.5 1.51517e-07
3.6 3.39453e-08
3.6 1.3416e-07
3.7 1.27156e-07
3.7 3.45868e-08
3.8 1.11316e-07
3.8 3.54822e-08
3.9 1.00224e-07
3.9 3.63811e-08
4 8.66579e-08
4 3.75744e-08
4.1 3.91742e-08
4.1 7.03779e-08
4.2 4.35749e-08
4.2 6.40221e-08
4.3 4.36182e-08
4.3 6.53501e-08
