0.002 6.50753e-08
0.002 6.52256e-08
0.005 5.47949e-08
0.005 5.46686e-08
0.01 0.000323552
0.01 3.9947e-08
0.05 1.93731e-08
0.05 5.24571e-05
0.1 2.16134e-08
0.1 2.37959e-05
0.15 2.2758e-08
0.15 1.62453e-05
0.2 2.03885e-08
0.2 1.07633e-05
0.25 1.62617e-08
0.25 6.50696e-06
0.3 1.61692e-08
0.3 5.25177e-06
0.35 1.70765e-08
0.35 4.40979e-06
0.4 1.86978e-08
0.4 3.19489e-06
0.45 2.34347e-08
0.45 2.91541e-06
0.5 2.09643e-06
0.5 3.64616e-08
0.55 1.60805e-08
0.55 2.13711e-06
0.6 1.58166e-08
0.6 1.82561e-06
0.65 4.36622e-08
0.65 9.10798e-07
0.7 4.41908e-08
0.7 6.46321e-07
0.75 4.77006e-08
0.75 4.02775e-07
0.8 6.03079e-08
0.8 3.76203e-07
0.81 6.73268e-08
0.81 3.79817e-07
0.82 3.97677e-07
0.82 7.0805e-08
0.83 7.61935e-08
0.83 3.99737e-07
0.84 8.34711e-08
0.84 4.26949e-07
0.85 9.29955e-08
0.85 4.1513e-07
0.86 3.74807e-07
0.86 1.04996e-07
0.87 3.938e-07
0.87 1.20139e-07
0.88 3.40342e-07
0.88 1.46395e-07
0.89 1.97433e-07
0.89 2.75188e-07
