1.4 2.3037e-08
1.4 6.73634e-07
1.5 2.31001e-08
1.5 5.65002e-07
1.6 2.34428e-08
1.6 5.22468e-07
1.7 2.31314e-08
1.7 4.40101e-07
1.8 4.29238e-07
1.8 2.38406e-08
1.9 2.52158e-08
1.9 4.32285e-07
2 2.54116e-08
2 3.90436e-07
2.1 3.45568e-07
2.1 2.56376e-08
2.2 3.11438e-07
2.2 2.64734e-08
2.3 2.99791e-07
2.3 2.67071e-08
2.4 2.74864e-08
2.4 2.75363e-07
2.5 2.81863e-08
2.5 2.61006e-07
2.6 2.89968e-08
2.6 2.43359e-07
2.7 2.98603e-08
2.7 2.32253e-07
2.8 2.23249e-07
2.8 3.15447e-08
2.9 3.17094e-08
2.9 2.02111e-07
3 3.32105e-08
3 1.86525e-07
3.1 3.28727e-08
3.1 1.82777e-07
3.2 3.32776e-08
3.2 1.71267e-07
3.3 3.38194e-08
3.3 1.62987e-07
3.4 3.45901e-08
3.4 1.50405e-07
3.5 1.44046e-07
3.5 3.50369e-08
3.6 3.64788e-08
3.6 1.30452e-07
3.7 3.6848e-08
3.7 1.18909e-07
3.8 1.05893e-07
3.8 3.77936e-08
3.9 3.91401e-08
3.9 9.28415e-08
4 4.06687e-08
4 8.12243e-08
4.1 4.71001e-08
4.1 6.36438e-08
