1.4 2.40222e-08
1.4 6.33765e-07
1.5 2.37243e-08
1.5 5.40777e-07
1.6 2.41736e-08
1.6 5.12078e-07
1.7 2.42828e-08
1.7 4.26949e-07
1.8 2.49765e-08
1.8 4.20899e-07
1.9 2.60525e-08
1.9 4.11186e-07
2 2.62255e-08
2 3.33611e-07
2.1 2.67259e-08
2.1 3.48127e-07
2.2 2.72508e-08
2.2 3.145e-07
2.3 2.92557e-07
2.3 2.81311e-08
2.4 2.6985e-07
2.4 2.85326e-08
2.5 2.95349e-08
2.5 2.46186e-07
2.6 2.31792e-07
2.6 3.04607e-08
2.7 3.15787e-08
2.7 2.20991e-07
2.8 2.1621e-07
2.8 3.26776e-08
2.9 3.3331e-08
2.9 1.98961e-07
3 3.49272e-08
3 1.81226e-07
3.1 3.49224e-08
3.1 1.76872e-07
3.2 3.55381e-08
3.2 1.65024e-07
3.3 3.59673e-08
3.3 1.57245e-07
3.4 3.71147e-08
3.4 1.49091e-07
3.5 1.38402e-07
3.5 3.83787e-08
3.6 3.9099e-08
3.6 1.24746e-07
3.7 3.93733e-08
3.7 1.14045e-07
3.8 4.11752e-08
3.8 1.00568e-07
3.9 4.4711e-08
3.9 8.77676e-08
4 4.75631e-08
4 7.08755e-08
