0.002 6.41806e-08
0.002 6.40327e-08
0.005 5.42008e-08
0.005 5.4326e-08
0.01 3.94109e-08
0.01 0.000325035
0.05 1.91204e-08
0.05 5.24868e-05
0.1 2.13517e-08
0.1 2.38255e-05
0.15 2.24237e-08
0.15 1.62563e-05
0.2 2.0098e-08
0.2 1.07806e-05
0.25 1.60379e-08
0.25 6.51559e-06
0.3 1.59595e-08
0.3 5.25889e-06
0.35 1.68679e-08
0.35 4.42053e-06
0.4 1.84598e-08
0.4 3.20918e-06
0.45 2.31065e-08
0.45 2.92417e-06
0.5 3.6021e-08
0.5 2.10226e-06
0.55 1.58316e-08
0.55 2.14065e-06
0.6 1.55688e-08
0.6 1.83248e-06
0.65 9.17086e-07
0.65 4.28111e-08
0.7 4.32886e-08
0.7 6.51899e-07
0.75 4.06694e-07
0.75 4.66404e-08
0.8 5.89739e-08
0.8 3.83211e-07
0.81 6.56641e-08
0.81 3.86497e-07
0.82 6.89277e-08
0.82 4.04403e-07
0.83 4.04822e-07
0.83 7.40157e-08
0.84 8.10618e-08
0.84 4.36305e-07
0.85 9.03437e-08
0.85 4.21906e-07
0.86 1.01407e-07
0.86 3.84558e-07
0.87 1.16088e-07
0.87 4.03861e-07
0.88 1.41052e-07
0.88 3.59372e-07
0.89 1.80431e-07
0.89 3.16264e-07
